0.0599153081086763 7.931787475313482e-7
0.5251729825937408 7.935075344398991e-7
0.525172982593741 9.441103373848458e-7
0.5238687134109492 0.0000010004223407976953
0.5186839479118387 0.0000011315039773228922
0.5148290764524174 0.0000012522511233982706
0.5059454233009922 0.0000013859270105539977
0.48139923918276517 0.0000016021433066028196
0.45351063198511476 0.0000019343892452288504
0.423009277032888 0.0000024393150006086273
0.39455932416102535 0.0000031664345848451406
0.3616723722638949 0.000004051423266249793
0.34929835815139954 0.000004419681874060041
0.31309803757699767 0.000005992608472122841
0.273076983719243 0.00000848684123209815
0.23290061017931596 0.000012922702784250148
0.20516110636168122 0.000018037678323247385
0.1986351741663659 0.00001967707921982434
0.18994055846358346 0.000021779450514617415
0.18162652159099232 0.00002410644686741793
0.17281482405524162 0.00002668248532584554
0.1584105191566039 0.00003316536339963831
0.14702344984367585 0.00004004493981153585
0.1395431181759242 0.000045627086072186246
0.1395431181759242 0.000060078570311925306
0.13343506711397357 0.00007359207202150655
0.12886980990830185 0.00008568727072617955
0.11754235412037249 0.00011702053685804058
0.11156197619587424 0.0001402651412685522
0.10721056407229945 0.0001575137801285519
0.10721056407229948 0.00041562551610716214
0.12983474482538104 0.00037262406740643585
0.13080690485899346 0.0004766273430476287
0.13244337451586163 0.0005965491760356184
0.16525041110969826 0.0005386651178286529
0.16773435779347223 0.0003039980545279179
0.17367640493469366 0.00029315681218770314
0.1741088048412647 0.00009137077032519065
0.18117545140509111 0.00008315195183925502
0.18481561461685087 0.00007351672649144562
0.18994055846358363 0.000056642349334612206
0.19375682953109297 0.000042396297107834705
0.1956936230814123 0.000036414689175697536
0.1981418629244126 0.000032195895420425875
0.2082449670695871 0.000028462527907118803
0.22381645289491214 0.00002516030301976635
0.24115119415692104 0.000026654541803403377
0.2730769837192428 0.00002355821082905904
0.2920402856623852 0.00001909218547488344
0.31387755372512854 0.00002022620453950426
0.3274302430630065 0.000019932756222245812
0.33818759041547014 0.000020665526691462778
0.3527899450484497 0.000018269624768495735
0.36985760853998617 0.00001686840072548867
0.38678800927702467 0.000016988593958113993
0.41262045719800966 0.000015127065111231801
0.4293677029141642 0.00001337338111923631
0.4490222053659979 0.00001346867111939754
0.45351063198511454 0.0005408598575616184
0.6250234737842687 0.0005325462895135711
0.6281395737899542 0.00001224576134541207
0.6552615530566128 0.000013355615551097293
0.6700911918283945 0.000012786904482451407
0.6835546124303605 0.000013257496582318546
0.7130693171226723 0.000011720460433686146
0.7438584156633072 0.000011139722267415365
0.7817871952346275 0.000012873585624361245
0.7974948033319011 0.000011056931586100818
0.8278021801961463 0.000009775175507074984
0.846536695062062 0.000009495446335860242
0.8571273562843256 0.00000896068418713086
0.8765255477634628 0.000008895409661773681
0.9166489045289712 0.00000815396752180128
0.9235124712193524 0.0005357582314358407
1.000000000000001 0.0005395166299626983
1.0024896871093913 0.0009911796645180214
0.059915308108676325 0.001
0.0599153081086763 7.931787475313482e-7