0.01 0.00041663247608494193
0.010532220365256018 0.00039810717055349773
0.011927529154966827 0.0003548133892335753
0.01259 0.000336490826875669
0.013399749618505125 0.00031622776601683794
0.014941277920976331 0.0002818382931264455
0.01585 0.00026376678998033394
0.016782535304665645 0.0002511886431509582
0.01905375979737521 0.00022387211385683424
0.019949999999999996 0.00021426172319950006
0.021501886610039583 0.00019952623149688788
0.0240638721365503 0.00017782794100389224
0.025120000000000003 0.0001698523552124356
0.026781073064876683 0.00015848931924611142
0.02960501459050044 0.00014125375446227554
0.03162 0.0001302838661698122
0.032892516691468046 0.00012589254117941688
0.03733633273018871 0.00011220184543019631
0.03981 0.00010539861829619762
0.04194861099641173 0.0001
0.046769248606989784 8.912509381337459e-05
0.05012 8.237189138895028e-05
0.05260053266694004 7.943282347242822e-05
0.06073900123350135 7.079457843841373e-05
0.0631 6.855287249961989e-05
0.06890866136146721 6.309573444801943e-05
0.07703077412822683 5.623413251903491e-05
0.07943 5.442050314504205e-05
0.08685859764001919 5.011872336272725e-05
0.09726432275478901 4.466835921509635e-05
0.1 4.338316041362082e-05
0.10919764553989401 3.9810717055349695e-05
0.12142947556543376 3.54813389233576e-05
0.12589 3.40597046506067e-05
0.1377316145233884 3.1622776601683795e-05
0.15575914378086586 2.818382931264455e-05
0.15849 2.77122987746342e-05
0.17880429790095925 2.5118864315095822e-05
0.19953 2.2577810764290036e-05
0.20214655613866478 2.238721138568338e-05
0.2361000978606252 1.9952623149688834e-05
0.25119 1.8874159417837898e-05
0.2851584158372609 1.778279410038923e-05
0.31623 1.6584751647846672e-05
0.3505249766327849 1.778279410038923e-05
0.3610068799574351 1.995262314968883e-05
0.35801851830693393 2.238721138568338e-05
0.35108732444261886 2.511886431509582e-05
0.34284659351014274 2.818382931264455e-05
0.33420444262549387 3.1622776601683795e-05
0.3254743873574084 3.54813389233576e-05
0.31676767156681407 3.9810717055349695e-05
0.31623 4.006754954545854e-05
0.30162462147749614 4.466835921509635e-05
0.28862670656122674 5.011872336272725e-05
0.277338500532294 5.623413251903491e-05
0.2671575953372417 6.309573444801943e-05
0.25773490818800443 7.079457843841373e-05
0.25119 7.69254535677626e-05
0.24738037222665038 7.943282347242822e-05
0.23468445007322272 8.912509381337459e-05
0.22399361095478557 0.0001
0.2146663834248908 0.0001122018454301963
0.20630870420145017 0.00012589254117941688
0.19953 0.00013929059743062526
0.19818650751968006 0.00014125375446227554
0.18767750541155678 0.00015848931924611142
0.17866913109108118 0.00017782794100389227
0.17077505195861692 0.00019952623149688785
0.16375680232634143 0.00022387211385683424
0.15849 0.00024588577602477764
0.1568145131283685 0.0002511886431509582
0.14831955486627163 0.0002818382931264455
0.1409810866300958 0.00031622776601683794
0.13453965653966465 0.0003548133892335753
0.12881465728939304 0.00039810717055349773
0.12589 0.0004238620503003557
0.12260830689787651 0.0004466835921509635
0.11603945039580014 0.0005011872336272725
0.11032923473400312 0.0005623413251903491
0.10528734120012188 0.0006309573444801943
0.10070359819898254 0.0007079457843841388
0.1 0.0007207306249354881
0.09528477130312832 0.0007943282347242822
0.09033442656046284 0.0008912509381337459
0.08598080153586712 0.001
